10,95
10,145
10,105
10,201
10,33
10,313
10,99
10,301
11,21
11,19
11,9
11,7
11,25
9,5
8,13
8,14
21,3
21,2
21,1
21,0
20,3
20,2
20,1
19,3
19,2
19,1
12,3
12,2
12,1
11,28
11,22
11,18
11,16
11,12
11,10
11,8
11,3
11,2
11,1
10,272
10,244
10,238
10,232
10,118
10,106
10,100
10,68
10,3
10,2
10,1
9,7
9,6
9,4
9,3
9,2
9,1
8,18
8,17
8,15
8,10
18,1
18,3
8,8
8,6
8,5
8,4
8,3
8,2
8,1
7,13
7,12
7,11
7,10
7,9
7,8
7,7
7,6
7,5
7,4
7,1
6,7
6,6
6,5
6,4
6,1
4,88
4,87
4,86
4,85
4,84
4,83
4,82
4,81
2,2
4,1
2,1
2,3
4,80
3,3
3,2
3,1
0,0
